0 0.552500 0.426250 0.042500 0.072500
0 0.675937 0.427083 0.043125 0.074167
1 0.087813 0.277500 0.013125 0.008333
1 0.130625 0.278750 0.013750 0.009167
1 0.172500 0.279583 0.013750 0.009167
1 0.215000 0.280000 0.013750 0.008333
1 0.257500 0.280833 0.013750 0.010000
1 0.300000 0.281250 0.012500 0.009167
1 0.342813 0.282500 0.011875 0.008333
1 0.385313 0.283750 0.011875 0.009167
1 0.427500 0.285417 0.013750 0.009167
1 0.469375 0.286250 0.012500 0.009167
1 0.511563 0.287500 0.013125 0.010000
1 0.552500 0.287500 0.013750 0.010000
1 0.594375 0.288333 0.013750 0.008333
1 0.635938 0.288750 0.013125 0.009167
1 0.678125 0.288333 0.013750 0.010000
1 0.720000 0.288750 0.013750 0.009167
1 0.761250 0.290000 0.012500 0.008333
1 0.802500 0.291250 0.012500 0.009167
1 0.843437 0.292083 0.014375 0.009167
1 0.884375 0.292083 0.012500 0.009167
2 0.484375 0.464167 0.887500 0.381667
0 0.591562 0.584583 0.041875 0.075833
