0 0.438125 0.415833 0.043750 0.076667
0 0.393437 0.492500 0.043125 0.076667
0 0.078750 0.490000 0.045000 0.078333
0 0.076563 0.578333 0.044375 0.078333
0 0.167500 0.578750 0.045000 0.079167
0 0.212500 0.579583 0.043750 0.077500
0 0.257500 0.578750 0.045000 0.077500
0 0.657188 0.580833 0.044375 0.076667
0 0.525312 0.492500 0.043125 0.076667
0 0.569063 0.493333 0.044375 0.075000
0 0.656875 0.494583 0.043750 0.077500
0 0.789062 0.658333 0.044375 0.076667
0 0.919063 0.657917 0.041875 0.077500
1 0.080312 0.346250 0.013125 0.010833
1 0.125625 0.347083 0.015000 0.009167
1 0.170313 0.347500 0.013125 0.008333
1 0.215000 0.347917 0.013750 0.009167
1 0.260000 0.349167 0.013750 0.010000
1 0.305000 0.349167 0.013750 0.010000
1 0.350000 0.350833 0.013750 0.010000
1 0.394062 0.351667 0.013125 0.010000
1 0.438125 0.352500 0.013750 0.010000
1 0.481875 0.352917 0.013750 0.009167
1 0.525312 0.352917 0.013125 0.009167
1 0.568438 0.352917 0.013125 0.009167
1 0.612500 0.353750 0.012500 0.009167
1 0.656563 0.353333 0.011875 0.010000
1 0.700313 0.353750 0.013125 0.009167
1 0.744375 0.354167 0.012500 0.008333
1 0.787500 0.354583 0.012500 0.009167
1 0.830313 0.355417 0.013125 0.009167
1 0.873125 0.355000 0.012500 0.008333
1 0.915625 0.355833 0.013750 0.008333
2 0.499375 0.534583 0.915000 0.387500