0 0.124375 0.412500 0.043750 0.078333
0 0.076250 0.657917 0.043750 0.080833
0 0.121875 0.657917 0.046250 0.079167
0 0.525000 0.494167 0.043750 0.078333
0 0.568438 0.494167 0.043125 0.078333
0 0.655625 0.656250 0.043750 0.082500
0 0.745938 0.581250 0.043125 0.077500
0 0.745313 0.495417 0.043125 0.075833
0 0.790000 0.659167 0.043750 0.078333
0 0.920000 0.658750 0.043750 0.077500
1 0.080312 0.346250 0.013125 0.010833
1 0.125625 0.347083 0.015000 0.009167
1 0.170313 0.347500 0.013125 0.008333
1 0.215000 0.347917 0.013750 0.009167
1 0.260000 0.349167 0.013750 0.010000
1 0.305000 0.349167 0.013750 0.010000
1 0.350000 0.350833 0.013750 0.010000
1 0.394062 0.351667 0.013125 0.010000
1 0.438125 0.352500 0.013750 0.010000
1 0.481875 0.352917 0.013750 0.009167
1 0.525312 0.352917 0.013125 0.009167
1 0.568438 0.352917 0.013125 0.009167
1 0.612500 0.353750 0.012500 0.009167
1 0.656563 0.353333 0.011875 0.010000
1 0.700313 0.353750 0.013125 0.009167
1 0.744375 0.354167 0.012500 0.008333
1 0.787500 0.354583 0.012500 0.009167
1 0.830313 0.355417 0.013125 0.009167
1 0.873125 0.355000 0.012500 0.008333
1 0.915625 0.355833 0.013750 0.008333
2 0.499375 0.534583 0.915000 0.387500