0 0.169375 0.413333 0.043750 0.078333
0 0.123750 0.490833 0.043750 0.078333
0 0.257188 0.579167 0.044375 0.078333
0 0.256875 0.658333 0.045000 0.080000
0 0.393125 0.493333 0.043750 0.078333
0 0.304375 0.414583 0.045000 0.079167
0 0.393437 0.415833 0.044375 0.078333
0 0.524687 0.579583 0.044375 0.077500
0 0.525312 0.658750 0.044375 0.079167
0 0.657188 0.659167 0.044375 0.078333
0 0.701250 0.495000 0.045000 0.076667
0 0.745313 0.495417 0.044375 0.077500
0 0.392813 0.579583 0.044375 0.079167
1 0.080312 0.346250 0.013125 0.010833
1 0.125625 0.347083 0.015000 0.009167
1 0.170313 0.347500 0.013125 0.008333
1 0.215000 0.347917 0.013750 0.009167
1 0.260000 0.349167 0.013750 0.010000
1 0.305000 0.349167 0.013750 0.010000
1 0.350000 0.350833 0.013750 0.010000
1 0.394062 0.351667 0.013125 0.010000
1 0.438125 0.352500 0.013750 0.010000
1 0.481875 0.352917 0.013750 0.009167
1 0.525312 0.352917 0.013125 0.009167
1 0.568438 0.352917 0.013125 0.009167
1 0.612500 0.353750 0.012500 0.009167
1 0.656563 0.353333 0.011875 0.010000
1 0.700313 0.353750 0.013125 0.009167
1 0.744375 0.354167 0.012500 0.008333
1 0.787500 0.354583 0.012500 0.009167
1 0.830313 0.355417 0.013125 0.009167
1 0.873125 0.355000 0.012500 0.008333
1 0.915625 0.355833 0.013750 0.008333
2 0.499375 0.534583 0.915000 0.387500