0 0.344687 0.336667 0.044375 0.081667
0 0.613437 0.336667 0.046875 0.080000
0 0.704063 0.335417 0.045625 0.082500
0 0.750625 0.335000 0.046250 0.081667
0 0.123750 0.419583 0.043750 0.080833
0 0.346250 0.587917 0.045000 0.080833
1 0.079687 0.273333 0.013125 0.010000
1 0.124063 0.272500 0.013125 0.010000
1 0.166875 0.272083 0.013750 0.009167
1 0.209687 0.270833 0.013125 0.010000
1 0.253750 0.269167 0.013750 0.010000
1 0.298438 0.268750 0.013125 0.010833
1 0.343750 0.268750 0.013750 0.010833
1 0.388750 0.269583 0.013750 0.010833
1 0.434063 0.270000 0.014375 0.011667
1 0.478750 0.270417 0.013750 0.010833
1 0.523125 0.270000 0.013750 0.010000
1 0.568125 0.269167 0.013750 0.010000
1 0.613437 0.269167 0.014375 0.010000
1 0.659062 0.268750 0.013125 0.009167
1 0.704375 0.267500 0.013750 0.010000
1 0.750313 0.267083 0.014375 0.010833
1 0.795937 0.266667 0.014375 0.010000
1 0.841250 0.266250 0.013750 0.010833
1 0.887188 0.266250 0.014375 0.010833
1 0.933125 0.266667 0.013750 0.010000
2 0.505000 0.464167 0.950000 0.395000