0 0.125000 0.337917 0.043750 0.075833
0 0.435625 0.336667 0.046250 0.078333
0 0.613437 0.337083 0.045625 0.080833
0 0.125625 0.418333 0.041250 0.080000
0 0.210625 0.419167 0.041250 0.080000
0 0.436563 0.417500 0.045625 0.080000
0 0.568125 0.417500 0.043750 0.080000
0 0.613125 0.417083 0.045000 0.080833
0 0.391562 0.586667 0.043125 0.083333
0 0.479375 0.586667 0.046250 0.080000
1 0.079687 0.273333 0.013125 0.010000
1 0.124063 0.272500 0.013125 0.010000
1 0.166875 0.272083 0.013750 0.009167
1 0.209687 0.270833 0.013125 0.010000
1 0.253750 0.269167 0.013750 0.010000
1 0.298438 0.268750 0.013125 0.010833
1 0.343750 0.268750 0.013750 0.010833
1 0.388750 0.269583 0.013750 0.010833
1 0.434063 0.270000 0.014375 0.011667
1 0.478750 0.270417 0.013750 0.010833
1 0.523125 0.270000 0.013750 0.010000
1 0.568125 0.269167 0.013750 0.010000
1 0.613437 0.269167 0.014375 0.010000
1 0.659062 0.268750 0.013125 0.009167
1 0.704375 0.267500 0.013750 0.010000
1 0.750313 0.267083 0.014375 0.010833
1 0.795937 0.266667 0.014375 0.010000
1 0.841250 0.266250 0.013750 0.010833
1 0.887188 0.266250 0.014375 0.010833
1 0.933125 0.266667 0.013750 0.010000
2 0.505000 0.464167 0.950000 0.395000