0 0.126875 0.410833 0.043750 0.081667
0 0.825000 0.431667 0.042500 0.076667
0 0.122188 0.581667 0.044375 0.083333
0 0.213750 0.584583 0.043750 0.082500
0 0.166563 0.664583 0.044375 0.082500
0 0.211875 0.665417 0.045000 0.082500
0 0.824375 0.672083 0.041250 0.077500
1 0.082812 0.341667 0.014375 0.010000
1 0.128750 0.343333 0.013750 0.010000
1 0.174375 0.345417 0.013750 0.009167
1 0.219375 0.347083 0.013750 0.009167
1 0.264688 0.348333 0.013125 0.008333
1 0.309688 0.350417 0.013125 0.009167
1 0.354063 0.352500 0.013125 0.010000
1 0.398438 0.354167 0.013125 0.010000
1 0.442188 0.355833 0.013125 0.010000
1 0.485312 0.357083 0.013125 0.010833
1 0.527813 0.359167 0.013125 0.010000
1 0.570937 0.360417 0.013125 0.009167
1 0.613437 0.361667 0.013125 0.010000
1 0.655937 0.363333 0.013125 0.010000
1 0.698125 0.364583 0.013750 0.009167
1 0.741563 0.364583 0.013125 0.009167
1 0.783438 0.366250 0.013125 0.009167
1 0.825313 0.367917 0.013125 0.009167
1 0.866250 0.369167 0.012500 0.008333
1 0.907188 0.370417 0.013125 0.009167
2 0.492812 0.538333 0.924375 0.406667
