0 0.127188 0.411667 0.044375 0.081667
0 0.825000 0.431667 0.042500 0.076667
0 0.907500 0.434167 0.041250 0.075000
0 0.569688 0.502500 0.041875 0.078333
0 0.654687 0.504167 0.043125 0.076667
0 0.825000 0.508750 0.042500 0.077500
0 0.123125 0.582083 0.046250 0.080833
0 0.214062 0.583750 0.044375 0.082500
0 0.697812 0.592917 0.043125 0.079167
0 0.166875 0.663750 0.043750 0.079167
0 0.212188 0.664167 0.045625 0.081667
0 0.825000 0.671250 0.042500 0.077500
0 0.569063 0.589583 0.043125 0.079167
1 0.082812 0.341667 0.014375 0.010000
1 0.128750 0.343333 0.013750 0.010000
1 0.174375 0.345417 0.013750 0.009167
1 0.219375 0.347083 0.013750 0.009167
1 0.264688 0.348333 0.013125 0.008333
1 0.309688 0.350417 0.013125 0.009167
1 0.354063 0.352500 0.013125 0.010000
1 0.398438 0.354167 0.013125 0.010000
1 0.442188 0.355833 0.013125 0.010000
1 0.485312 0.357083 0.013125 0.010833
1 0.527813 0.359167 0.013125 0.010000
1 0.570937 0.360417 0.013125 0.009167
1 0.613437 0.361667 0.013125 0.010000
1 0.655937 0.363333 0.013125 0.010000
1 0.698125 0.364583 0.013750 0.009167
1 0.741563 0.364583 0.013125 0.009167
1 0.783438 0.366250 0.013125 0.009167
1 0.825313 0.367917 0.013125 0.009167
1 0.866250 0.369167 0.012500 0.008333
1 0.907188 0.370417 0.013125 0.009167
2 0.492812 0.538333 0.924375 0.406667
