0 0.080937 0.409167 0.044375 0.081667
0 0.527500 0.423750 0.042500 0.079167
0 0.612812 0.426250 0.043125 0.079167
0 0.170000 0.492500 0.043750 0.081667
0 0.213750 0.583333 0.043750 0.081667
0 0.655000 0.591667 0.043750 0.080000
0 0.166250 0.663750 0.045000 0.082500
0 0.211875 0.664583 0.045000 0.082500
0 0.437812 0.665833 0.043125 0.081667
0 0.568750 0.668333 0.043750 0.080000
0 0.782813 0.671667 0.041875 0.078333
1 0.082812 0.341667 0.014375 0.010000
1 0.128750 0.343333 0.013750 0.010000
1 0.174375 0.345417 0.013750 0.009167
1 0.219375 0.347083 0.013750 0.009167
1 0.264688 0.348333 0.013125 0.008333
1 0.309688 0.350417 0.013125 0.009167
1 0.354063 0.352500 0.013125 0.010000
1 0.398438 0.354167 0.013125 0.010000
1 0.442188 0.355833 0.013125 0.010000
1 0.485312 0.357083 0.013125 0.010833
1 0.527813 0.359167 0.013125 0.010000
1 0.570937 0.360417 0.013125 0.009167
1 0.613437 0.361667 0.013125 0.010000
1 0.655937 0.363333 0.013125 0.010000
1 0.698125 0.364583 0.013750 0.009167
1 0.741563 0.364583 0.013125 0.009167
1 0.783438 0.366250 0.013125 0.009167
1 0.825313 0.367917 0.013125 0.009167
1 0.866250 0.369167 0.012500 0.008333
1 0.907188 0.370417 0.013125 0.009167
2 0.492812 0.538333 0.924375 0.406667
