0 0.126562 0.410833 0.044375 0.081667
0 0.697500 0.428750 0.043750 0.077500
0 0.784375 0.429167 0.043750 0.075000
0 0.825313 0.431250 0.040625 0.075833
0 0.121563 0.580833 0.043125 0.081667
0 0.213438 0.583750 0.044375 0.082500
0 0.166563 0.664167 0.045625 0.081667
0 0.211875 0.665000 0.043750 0.085000
0 0.824688 0.672083 0.040625 0.075833
1 0.082812 0.341667 0.014375 0.010000
1 0.128750 0.343333 0.013750 0.010000
1 0.174375 0.345417 0.013750 0.009167
1 0.219375 0.347083 0.013750 0.009167
1 0.264688 0.348333 0.013125 0.008333
1 0.309688 0.350417 0.013125 0.009167
1 0.354063 0.352500 0.013125 0.010000
1 0.398438 0.354167 0.013125 0.010000
1 0.442188 0.355833 0.013125 0.010000
1 0.485312 0.357083 0.013125 0.010833
1 0.527813 0.359167 0.013125 0.010000
1 0.570937 0.360417 0.013125 0.009167
1 0.613437 0.361667 0.013125 0.010000
1 0.655937 0.363333 0.013125 0.010000
1 0.698125 0.364583 0.013750 0.009167
1 0.741563 0.364583 0.013125 0.009167
1 0.783438 0.366250 0.013125 0.009167
1 0.825313 0.367917 0.013125 0.009167
1 0.866250 0.369167 0.012500 0.008333
1 0.907188 0.370417 0.013125 0.009167
2 0.492812 0.538333 0.924375 0.406667
