0 0.255000 0.330417 0.043750 0.079167
0 0.299375 0.410417 0.043750 0.079167
0 0.475625 0.411250 0.043750 0.079167
0 0.169687 0.500000 0.041875 0.080000
0 0.212500 0.499583 0.043750 0.080833
0 0.344375 0.500417 0.043750 0.079167
0 0.431250 0.499583 0.042500 0.079167
0 0.475625 0.500000 0.045000 0.080000
0 0.128125 0.578333 0.042500 0.078333
0 0.170313 0.578333 0.043125 0.078333
0 0.256563 0.578750 0.044375 0.079167
0 0.300312 0.579583 0.043125 0.079167
1 0.082812 0.266667 0.013125 0.010000
1 0.125938 0.266250 0.013125 0.009167
1 0.169063 0.265417 0.013125 0.009167
1 0.212188 0.265000 0.013125 0.010000
1 0.255625 0.264167 0.013750 0.010000
1 0.299375 0.263750 0.013750 0.009167
1 0.343125 0.263333 0.013750 0.010000
1 0.387500 0.262917 0.013750 0.010833
1 0.431875 0.262500 0.013750 0.010000
1 0.476250 0.261667 0.013750 0.010000
1 0.520625 0.261667 0.013750 0.010000
1 0.565625 0.260833 0.013750 0.010000
1 0.610938 0.260417 0.013125 0.009167
1 0.656875 0.259583 0.013750 0.009167
1 0.701875 0.259167 0.013750 0.010000
1 0.747500 0.258333 0.013750 0.010000
1 0.794063 0.258333 0.015625 0.010000
1 0.838750 0.258750 0.013750 0.009167
1 0.884687 0.258333 0.014375 0.010000
1 0.930312 0.257500 0.014375 0.010000
2 0.507188 0.458333 0.945625 0.393333